-2840 6700 0		73 186
-2840 6700 515		73 170
-2300 6700 515		89 170
-2300 6700 0		89 186

-3250 12230 0		101 159
-3250 12230 515		101 149
-2710 12230 515		110 149
-2710 12230 0		111 159

-2240 17810 0		134 146
-2240 17810 515		134 140
-1700 17810 515		141 139
-1700 17810 0		142 146

690 6300 0		189 190
690 6300 515		189 172
1230 6300 515		206 172
1230 6300 0		206 190

2300 9210 0		224 170
2300 9210 515		224 157
2840 9210 515		237 157
2840 9210 0		237 170

1900 13100 0		203 157
1900 13100 520		203 146
2395 13100 520		212 146
2395 13100 0		212 157

1200 18010 0		183 146
1200 18010 700		183 136
1630 18010 700		190 136
1630 18010 0		190 146