26

-3250 12230 0		101 159
-3250 12230 515		101 149
-2710 12230 515		112 149
-2710 12230 0		112 159

-2240 17810 0		135 146
-2240 17810 515		135 140
-1700 17810 515		143 139
-1700 17810 0		143 146

690 6300 0		188.6 189
690 6300 515		188 172
1230 6300 515		206 172
1230 6300 0		206 190

2300 9210 0		224 170
2300 9210 515		224 157
2840 9210 515		237 157
2840 9210 0		237 170

1900 13100 0		203 155
1900 13100 520		203 146
2395 13100 520		212 146
2395 13100 0		212 155

1100 18010 0		183 146
1100 18010 700		183 136
1630 18010 700		190 136
1630 18010 0		190 146

-2300 6700 515		88 170
-2300 6700 0		89 186.3
-2840 6700 515		71 170
-2840 6700 0		72.7 186


