26
-3277.337770          12168.840272
-3265.353128          12189.074705
-2713.102293          12156.590692
-2724.811381          12141.378987
-2338.029229          18081.631611
-2223.000668          17260.890324
-1756.119599          18042.096265
-1765.372970          18045.705264
718.841870          6338.558885
702.761961          6359.369249
1224.396866          6337.094949
1211.600493          6211.045004
2292.953833          9112.316362
2306.445660          9217.700235
2815.750460          9191.638718
2800.784463          9090.195673
1958.889024          13307.584217
1942.564808          13192.661602
2423.353395          13162.498695
2445.870966          13281.876285
1076.523721          17867.415122
1096.017861          18265.090341
1597.118827          18222.896510
1570.222625          17836.442269
-2313.934632          6788.723701
-2295.692439          6763.534312
avx=29.181786 avy=134.661307 max=-98.029229 may=-549.109676 mix=-3.102293 miy=7.700235
 